11.399493,133.699966,0.001157
11.399493,133.699966,0.001157
11.399493,133.699966,0.001157
11.399493,133.699966,0.001157
11.399493,133.699966,0.001157
11.399493,133.699966,0.001157
11.399493,133.699966,0.001157
11.399493,133.699966,0.001157
11.399493,133.699966,0.001157
11.399493,133.699966,0.001157
11.399493,133.699966,0.001157
11.399493,133.699966,0.001157
11.399493,133.699966,0.001157
11.399493,133.699966,0.001157
11.399493,133.699966,0.001157
11.399493,133.699966,0.001157
11.399493,133.699966,0.001157
11.399493,133.699966,0.001157
11.399493,133.699966,0.001157
11.399493,133.699966,0.001157
11.399493,133.699966,0.001157
11.399493,133.699966,0.001157
11.399493,133.699966,0.001157
11.399493,133.699966,0.001157
11.399493,133.699966,0.001157
11.399493,133.699966,0.001157
11.399493,133.699966,0.001157
11.399493,133.699966,0.001157
11.399493,133.699966,0.001157
11.399493,133.699966,0.001157
11.399493,133.699966,0.001157
11.399493,133.699966,0.001157
11.399493,133.699966,0.001157
11.399493,133.699966,0.001157
11.399493,133.699036,0.001136
11.399518,133.701614,0.001290
11.399316,133.750580,0.001405
11.399353,133.876083,0.001426
11.399377,134.088547,0.001403
11.399575,134.396500,0.001380
11.399816,134.798477,0.001379
11.400112,135.289993,0.001376
11.400467,135.877625,0.001367
11.400877,136.558548,0.001370
11.401340,137.327301,0.001721
11.401826,138.136658,0.001756
11.402339,138.985519,0.001758
11.402844,139.822998,0.001850
11.403327,140.624741,0.001920
11.403788,141.391693,0.001926
11.404258,142.172073,0.001813
11.404770,143.020752,0.001679
11.405338,143.963165,0.001588
11.405964,145.006760,0.001540
11.406651,146.153931,0.001517
11.407399,147.404312,0.001508
11.408207,148.757843,0.001504
11.409073,150.213684,0.001505
11.409997,151.771790,0.001505
11.410950,153.392441,0.001646
11.411887,154.982773,0.001850
11.412794,156.525803,0.001911
11.413714,158.084686,0.001799
11.414674,159.714233,0.001670
11.415689,161.436890,0.001588
11.416754,163.254456,0.001556
11.417849,165.125870,0.001685
11.418915,166.954865,0.001892
11.419935,168.707306,0.002015
11.420924,170.396133,0.002002
11.421919,172.096268,0.001842
11.422954,173.866409,0.001691
11.424039,175.725342,0.001606
11.425175,177.674942,0.001569
11.426344,179.699524,0.001626
11.427503,181.704422,0.001845
11.428615,183.631058,0.002006
11.429676,185.469513,0.002073
11.430720,187.263138,0.001971
11.431780,189.093414,0.001794
11.432887,191.000198,0.001665
11.434041,192.993896,0.001599
11.435231,195.061249,0.001641
11.436410,197.107727,0.001853
11.437541,199.074432,0.002012
11.438622,200.949509,0.002089
11.439668,202.755112,0.002036
11.440726,204.575272,0.001851
11.441810,206.463104,0.001703
11.442950,208.434570,0.001620
11.444140,210.493683,0.001581
11.445358,212.601944,0.001705
11.446546,214.659805,0.001917
11.447681,216.631775,0.002038
11.448797,218.555679,0.001961
11.449934,220.515900,0.001790
11.451109,222.549744,0.001670
11.473918,224.665848,0.001613
11.570994,226.859299,0.001601
11.695074,229.064865,0.001787
11.830300,231.196991,0.001981
11.964536,233.233292,0.002088
12.094239,235.179489,0.002094
12.269893,237.097610,0.001940
12.543502,239.053391,0.001766
12.859899,241.042770,0.001794
13.185678,242.979431,0.001952
13.502834,244.831619,0.002057
13.806538,246.597275,0.002092
14.121824,248.313263,0.001990
14.525310,250.043243,0.001806
14.988412,251.822784,0.001739
15.459466,253.582214,0.001882
15.917499,255.272949,0.002004
16.360882,256.903534,0.001995
16.807442,258.545166,0.001839
17.272535,260.254333,0.001689
17.780664,262.041534,0.001613
18.374949,263.889496,0.001596
18.989210,265.749359,0.001775
19.591434,267.544952,0.001959
20.168879,269.259186,0.002057
20.719465,270.891876,0.002095
21.262447,272.444397,0.002082
21.869070,273.949982,0.001931
22.525003,275.478394,0.001817
23.181728,276.988464,0.001907
23.816750,278.439362,0.002001
24.429636,279.826019,0.002025
25.088783,281.170807,0.001906
25.797346,282.551117,0.001740
26.541853,283.993591,0.001695
27.284861,285.428009,0.001844
28.000795,286.809448,0.001970
28.684601,288.128204,0.002027
29.350615,289.413086,0.001950
30.061590,290.711090,0.001791
30.817848,292.073395,0.001656
31.622677,293.518097,0.001577
32.475853,295.047913,0.001544
33.373798,296.657593,0.001558
34.281460,298.284760,0.001753
35.186646,299.866425,0.001868
36.152443,301.429779,0.001779
37.145355,303.014038,0.001805
38.119308,304.555176,0.001946
39.053795,306.029907,0.002039
39.958252,307.447845,0.002014
40.921883,308.834442,0.001855
41.947300,310.243103,0.001768
42.969883,311.633789,0.001889
43.956718,312.969116,0.001999
44.909748,314.256622,0.001988
45.901707,315.525970,0.001844
46.972172,316.799469,0.001762
48.039642,318.058380,0.001881
49.072124,319.267395,0.001980
50.085106,320.444519,0.001929
51.162624,321.608215,0.001781
52.276932,322.795044,0.001786
53.371040,323.953094,0.001915
54.425144,325.066498,0.001978
55.497894,326.140900,0.001883
56.643356,327.212128,0.001750
57.804955,328.292480,0.001825
58.933506,329.336945,0.001948
60.019993,330.334869,0.001996
61.132465,331.277954,0.001892
62.315029,332.214874,0.001755
63.514648,333.161316,0.001824
64.680542,334.076355,0.001942
65.796295,334.951080,0.002007
66.884048,335.803314,0.001939
67.999466,336.677460,0.001781
69.187553,337.584320,0.001657
70.467056,338.526489,0.001579
71.794769,339.503235,0.001683
73.098030,340.460541,0.001861
74.378616,341.400391,0.001866
75.714218,342.327545,0.001748
77.122772,343.263306,0.001708
78.523849,344.188599,0.001857
79.874191,345.076630,0.001980
81.185997,345.916840,0.001984
82.539795,346.704376,0.001841
83.928452,347.497498,0.001821
85.289215,348.268066,0.001929
86.609131,349.013519,0.001945
87.959396,349.728821,0.001822
89.371521,350.442963,0.001750
90.776352,351.149872,0.001867
92.131393,351.829285,0.001968
93.462456,352.475983,0.001926
94.841728,353.091980,0.001795
96.234093,353.711853,0.001847
97.584503,354.310120,0.001953
98.880447,354.882935,0.001992
100.165253,355.450897,0.001883
101.504150,356.029083,0.001732
102.921043,356.633698,0.001643
104.363068,357.247894,0.001769
105.763275,357.843933,0.001919
107.119148,358.416016,0.001945
108.506218,358.937073,0.001824
109.954048,359.451660,0.001750
111.395103,359.960693,0.001864
112.785362,360.449127,0.001963
114.148483,360.909058,0.001922
115.561821,361.319763,0.001778
117.019257,361.734650,0.001779
118.449150,362.137604,0.001903
119.826180,362.524445,0.001965
121.196556,362.890686,0.001875
122.611748,363.244019,0.001788
124.018028,363.595062,0.001878
125.373833,363.932343,0.001964
126.704224,364.225464,0.001923
128.079346,364.467529,0.001778
129.499496,364.710938,0.001776
130.893921,364.947327,0.001894
132.247284,365.175262,0.001922
133.616684,365.405914,0.001804
135.055008,365.647919,0.001675
136.584534,365.905426,0.001587
138.212692,366.179413,0.001543
139.938126,366.469788,0.001529
141.757523,366.776001,0.001530
143.654785,367.072296,0.001609
145.536057,367.360657,0.001831
147.345337,367.635040,0.001989
149.079376,367.892242,0.002036
150.800201,368.079437,0.001912
152.580673,368.186920,0.001746
154.407761,368.269592,0.001775
156.192764,368.339172,0.001928
157.902893,368.402466,0.002028
159.549927,368.443665,0.002012
161.202179,368.430603,0.001869
162.855881,368.411469,0.001898
164.454239,368.388275,0.001988
165.980484,368.364532,0.002045
167.432404,368.341949,0.002070
168.812881,368.320190,0.002068
170.155518,368.299225,0.001967
171.532303,368.277496,0.001795
172.987106,368.254761,0.001660
174.532669,368.250061,0.001601
176.106781,368.246521,0.001751
177.634857,368.243896,0.001913
179.095840,368.242218,0.002005
180.502029,368.240356,0.001986
181.919922,368.238678,0.001838
183.405991,368.236816,0.001691
184.984207,368.235138,0.001595
186.661758,368.232971,0.001548
188.436981,368.230621,0.001533
190.306717,368.228271,0.001533
192.253372,368.225922,0.001607
194.182434,368.223541,0.001832
196.036835,368.221283,0.001993
197.806229,368.218872,0.002069
199.490692,368.216736,0.002099
201.092636,368.214905,0.002106
202.621521,368.213226,0.002074
204.134338,368.211395,0.001921
205.701065,368.209717,0.001746
207.355087,368.207672,0.001626
209.105331,368.205353,0.001567
210.935226,368.202972,0.001617
212.751266,368.200684,0.001827
214.498428,368.198273,0.001980
216.171906,368.196198,0.002024
217.828964,368.194183,0.001899
219.541443,368.191864,0.001734
221.340118,368.189514,0.001626
223.230194,368.187164,0.001578
225.172119,368.184845,0.001697
227.068802,368.182526,0.001903
228.885559,368.180115,0.002027
230.617325,368.177856,0.002083
232.271774,368.175842,0.002071
233.907303,368.154877,0.001926
235.589661,368.076935,0.001770
237.286209,367.992645,0.001843
238.928406,367.906189,0.001965
240.497360,367.822418,0.002038
241.990341,367.742126,0.002070
243.408997,367.666077,0.002079
244.755859,367.593597,0.002078
246.048523,367.524261,0.002016
247.351913,367.454041,0.001852
248.722214,367.380493,0.001701
250.147812,367.303741,0.001729
251.550110,367.228577,0.001870
252.895782,367.156158,0.001972
254.182022,367.087250,0.001998
255.455933,367.018738,0.001887
256.780945,366.930328,0.001738
258.185028,366.791351,0.001629
259.649231,366.648926,0.001695
261.089325,366.507111,0.001859
262.471375,366.370667,0.001970
263.787323,366.240387,0.002024
265.051300,366.115448,0.001991
266.319916,365.954285,0.001849
267.651184,365.764923,0.001700
269.037720,365.569275,0.001728
270.402100,365.376312,0.001868
271.711517,365.190491,0.001968
272.962952,365.013153,0.001995
274.194397,364.803864,0.001893
275.466248,364.533264,0.001739
276.821564,364.242950,0.001627
278.271667,363.931366,0.001562
279.821381,363.597595,0.001528
281.469818,363.242584,0.001518
283.199677,362.822327,0.001529
284.994476,362.343781,0.001603
286.772583,361.859528,0.001824
288.481934,361.389771,0.001981
290.112366,360.940369,0.002058
291.670227,360.510925,0.002058
293.205414,360.067993,0.001920
294.774231,359.558594,0.001748
296.386627,359.029877,0.001769
297.962799,358.509003,0.001913
299.473053,358.008514,0.002011
300.926544,357.521973,0.001994
302.366638,356.975037,0.001847
303.839325,356.338989,0.001718
305.324707,355.679962,0.001811
306.761932,355.035004,0.001944
308.140106,354.413757,0.001994
309.486877,353.763153,0.001892
310.845947,353.023041,0.001738
312.252045,352.219208,0.001694
313.648682,351.414551,0.001844
314.992523,350.637054,0.001969
316.278534,349.871521,0.001976
317.534943,349.042297,0.001838
318.829010,348.151581,0.001712
320.138580,347.245392,0.001805
321.407135,346.364197,0.001938
322.620453,345.520905,0.002010
323.803101,344.698425,0.001941
325.014893,343.856049,0.001782
326.291626,342.968323,0.001651
327.647308,342.025696,0.001575
329.083405,341.027100,0.001543
330.594452,339.970306,0.001539
332.145935,338.824554,0.001563
333.706177,337.660278,0.001761
335.211151,336.529297,0.001952
336.647736,335.447540,0.002053
338.017334,334.415649,0.002083
339.351776,333.410583,0.001979
340.685028,332.350769,0.001802
342.034302,331.194672,0.001686
343.389832,330.018433,0.001808
344.697723,328.875305,0.001958
345.946198,327.781433,0.002042
347.148193,326.727936,0.002010
348.328125,325.637695,0.001854
349.503754,324.447479,0.001700
350.702484,323.207458,0.001746
351.869904,321.989502,0.001906
352.986664,320.820374,0.002010
354.048523,319.682159,0.001999
355.060822,318.489807,0.001848
356.024902,317.180298,0.001708
356.990387,315.807526,0.001749
357.925812,314.457977,0.001904
358.819397,313.160919,0.001998
359.674835,311.885803,0.001943
360.485901,310.544342,0.001787
361.301666,309.130432,0.001724
362.107605,307.722107,0.001859
362.884186,306.359039,0.001947
363.654907,305.004303,0.001859
364.453583,303.600189,0.001715
365.295776,302.119446,0.001612
366.184906,300.556244,0.001564
367.120270,298.911743,0.001547
368.100891,297.187653,0.001543
369.126251,295.384979,0.001543
370.156860,293.487457,0.001554
371.186249,291.534698,0.001694
372.178650,289.621765,0.001918
373.124237,287.787170,0.002055
374.029022,286.017090,0.002038
374.866913,284.210876,0.001870
375.610779,282.304657,0.001742
376.215607,280.279602,0.001649
376.766479,278.188965,0.001736
377.268127,276.138947,0.001934
377.736969,274.173035,0.002059
378.185486,272.278168,0.002033
378.635773,270.373047,0.001856
379.101013,268.404266,0.001709
379.585022,266.355591,0.001625
380.089050,264.222473,0.001583
380.613342,262.003571,0.001564
381.157867,259.698853,0.001555
381.722656,257.308655,0.001553
382.306702,254.836884,0.001574
382.843689,252.349014,0.001796
383.300690,249.931686,0.002005
383.703156,247.614883,0.002122
384.069122,245.397354,0.002135
384.422913,243.210587,0.001966
384.760406,240.976242,0.001790
385.062012,238.667984,0.001692
385.345734,236.349701,0.001835
385.609955,234.107208,0.002010
385.859222,231.962540,0.002098
386.079437,229.874252,0.002010
386.230682,227.757080,0.001844
386.359039,225.641281,0.001908
386.470306,223.598953,0.002031
386.567841,221.641541,0.002068
386.588867,219.706635,0.001927
386.558716,217.723068,0.001776
386.510803,215.733978,0.001866
386.457428,213.813614,0.002003
386.424438,211.973846,0.002049
386.470184,210.155853,0.001913
386.540466,208.321747,0.001879
386.619537,206.536774,0.001978
386.699158,204.827026,0.002042
386.777618,203.159454,0.001959
386.858124,201.455933,0.001787
386.920410,199.677032,0.001679
386.979706,197.880020,0.001804
387.034760,196.140640,0.001957
387.087036,194.471756,0.002011
387.096130,192.820694,0.001900
387.070587,191.130310,0.001803
387.039551,189.457413,0.001903
387.006409,187.848709,0.002002
386.973785,186.314728,0.002054
386.942657,184.850037,0.002047
386.911469,183.400345,0.001909
386.879517,181.896912,0.001742
386.845551,180.306717,0.001623
386.810028,178.634445,0.001635
386.774445,176.970505,0.001822
386.740295,175.366638,0.001955
386.706818,173.799347,0.001917
386.672699,172.195160,0.001768
386.636658,170.510223,0.001644
386.598785,168.731445,0.001578
386.558807,166.858917,0.001553
386.516937,164.894562,0.001545
386.473389,162.854935,0.001616
386.430328,160.835205,0.001841
386.388947,158.894211,0.002005
386.349274,157.035858,0.002048
386.309906,155.194641,0.001907
386.269531,153.298889,0.001742
386.227325,151.321915,0.001639
386.183319,149.257553,0.001588
386.137756,147.119797,0.001637
386.092621,145.004211,0.001855
386.049255,142.970795,0.002018
386.007935,141.032013,0.002098
385.968597,139.187698,0.002129
385.931213,137.434464,0.002134
385.895660,135.768021,0.002128
385.861938,134.182709,0.002115
385.829712,132.675293,0.002104
385.799286,131.243225,0.002095
385.770172,129.882385,0.002078
385.742188,128.559082,0.001972
385.713074,127.201874,0.001797
385.682648,125.770058,0.001681
385.651489,124.310303,0.001778
385.621307,122.891510,0.001915
385.592224,121.529388,0.001971
385.563507,120.178413,0.001873
385.533417,118.772957,0.001726
385.501709,117.281189,0.001618
385.467773,115.690811,0.001556
385.431763,114.000465,0.001533
385.394379,112.252068,0.001668
385.358002,110.541084,0.001874
385.322968,108.901352,0.002000
385.289703,107.339233,0.002058
385.257965,105.854019,0.002079
385.227844,104.437401,0.002056
385.197815,103.035675,0.001913
385.166901,101.580635,0.001744
385.133972,100.039696,0.001628
385.100067,98.439835,0.001701
385.066528,96.870293,0.001873
385.034363,95.358719,0.001957
385.002380,93.858612,0.001866
384.969238,92.302849,0.001720
384.934143,90.659218,0.001614
384.897064,88.918922,0.001561
384.857971,87.087036,0.001565
384.818420,85.235016,0.001756
384.780212,83.442215,0.001940
384.779449,81.731712,0.002046
384.792633,80.104294,0.002085
384.810577,78.555374,0.002087
384.829834,77.047585,0.001978
384.850098,75.505180,0.001798
384.871368,73.883270,0.001657
384.894012,72.166237,0.001580
384.917755,70.357071,0.001572
384.941833,68.527237,0.001757
384.965057,66.754059,0.001929
384.988007,65.019142,0.001907
385.011230,63.246292,0.001762
385.035614,61.394138,0.001647
385.061005,59.468266,0.001660
385.086121,57.560234,0.001853
385.110291,55.718052,0.001964
385.134399,53.890682,0.001870
385.159210,52.007427,0.001725
385.184448,50.080990,0.001770
385.209167,48.200649,0.001933
385.233002,46.392288,0.002005
385.256470,44.600636,0.001890
385.280762,42.753281,0.001731
385.306152,40.822899,0.001631
385.332489,38.819298,0.001654
385.358612,36.835533,0.001856
385.383911,34.921169,0.001971
385.362427,33.025589,0.001881
385.247833,31.082428,0.001737
385.095001,29.100626,0.001779
384.929535,27.169155,0.001943
384.765472,25.312971,0.002014
384.556641,23.481789,0.001902
384.252686,21.611990,0.001744
383.909882,19.705784,0.001780
383.561279,17.848454,0.001939
383.217346,16.064291,0.002011
382.808533,14.315798,0.001901
382.277740,12.550421,0.001761
381.588989,10.780488,0.001995
380.867035,9.042535,0.002704
380.147064,7.375895,0.003749
379.366272,5.757399,0.004610
378.461395,4.148792,0.005398
377.371704,2.581420,0.006212
376.211487,1.045090,0.007211
375.054413,-0.422846,0.008165
373.843109,-1.825836,0.008885
372.511475,-3.183744,0.009496
371.026581,-4.473552,0.010376
369.496796,-5.734941,0.011831
367.980743,-6.944969,0.016385
366.402008,-8.095734,0.032683
364.698792,-9.148381,0.064637
362.858307,-10.082431,0.102691
360.976746,-10.959161,0.137166
359.135162,-11.776002,0.163305
357.280457,-12.503065,0.188593
355.342194,-13.108985,0.215215
353.349060,-13.653034,0.242871
351.396942,-14.149209,0.270116
349.476135,-14.575764,0.296734
347.507812,-14.886865,0.323783
345.477051,-15.094316,0.349493
343.466553,-15.260490,0.376310
341.513550,-15.383318,0.407519
339.554749,-15.404532,0.446577
337.555176,-15.338038,0.488687
335.584473,-15.245533,0.531643
333.674408,-15.143159,0.574301
331.753906,-15.036776,0.618900
330.439728,-14.963541,0.650527
328.443420,-14.857218,0.699644
326.504028,-14.802011,0.749719
324.651947,-14.759336,0.799067
322.871643,-14.724560,0.847376
321.085999,-14.691450,0.897699
319.236237,-14.657446,0.951150
317.344421,-14.622790,1.007222
315.502930,-14.588973,1.064085
313.737152,-14.556668,1.119820
311.993011,-14.524616,1.175723
310.200409,-14.505680,1.235106
308.369141,-14.497181,1.297148
306.586365,-14.492030,1.359049
304.866272,-14.488160,1.420324
303.139191,-14.484731,1.482772
301.347839,-14.481160,1.549152
299.514648,-14.477589,1.618607
297.728912,-14.474010,1.687861
295.984131,-14.470654,1.757052
294.207306,-14.467111,1.828383
292.373871,-14.463545,1.903763
290.564575,-14.459940,1.980102
288.825531,-14.456610,2.054359
287.108429,-14.453186,2.129226
285.345459,-14.449786,2.207464
283.577667,-14.446264,2.287041
281.874603,-14.443030,2.365719
280.216583,-14.439716,2.443179
278.529083,-14.436493,2.523011
276.785522,-14.433041,2.607208
275.064941,-14.429781,2.691644
273.418243,-14.426522,2.773976
271.839233,-14.423569,2.853628
270.258209,-14.420436,2.934625
268.653412,-14.417433,3.018187
267.092560,-14.414335,3.100250
265.573669,-14.444917,3.181588
264.039398,-14.485684,3.264322
262.529755,-14.528985,3.347334
261.051880,-14.572358,3.428878
259.542938,-14.617159,3.513732
257.962128,-14.650752,3.603353
256.311249,-14.677444,3.698380
254.679718,-14.702268,3.793625
253.102859,-14.707507,3.886736
251.524460,-14.644437,3.980483
249.922806,-14.566791,4.075912
248.368210,-14.485440,4.169545
246.872559,-14.405338,4.259596
245.372940,-14.324347,4.349648
243.828568,-14.241059,4.442408
242.303741,-14.158605,4.534166
240.844803,-14.079919,4.621941
239.430634,-14.003422,4.706879
238.022003,-13.927465,4.791492
236.660828,-13.853823,4.873355
235.354568,-13.783397,4.951851
234.055695,-13.713121,5.029825
232.785400,-13.644653,5.106206
231.576385,-13.579206,5.178921
230.423935,-13.517100,5.248157
229.269974,-13.454646,5.317368
228.059738,-13.405995,5.389939
226.783981,-13.373719,5.466535
225.514038,-13.339081,5.542953
224.293640,-13.305970,5.616354
223.101212,-13.274045,5.687968
221.943146,-13.242779,5.757551
220.794998,-13.212070,5.826432
219.598785,-13.179814,5.898149
218.325638,-13.145735,5.974527
216.979599,-13.109473,6.055388
215.639587,-13.073614,6.136043
214.341110,-13.038610,6.214112
213.033508,-13.003613,6.292564
211.665680,-12.966784,6.374609
210.220078,-12.928072,6.461094
208.754639,-12.888621,6.548468
207.339447,-12.850742,6.632573
205.963257,-12.813677,6.713679
204.559586,-12.776105,6.795249
203.086594,-12.736493,6.880459
201.527313,-12.694715,6.969512
199.878098,-12.650431,7.062664
198.156387,-12.604301,7.158837
196.454865,-12.558578,7.252998
194.820480,-12.514820,7.342098
193.207733,-12.471477,7.428652
191.547318,-12.426998,7.517002
189.808517,-12.380339,7.608162
187.989624,-12.331586,7.702167
186.159775,-12.282480,7.795948
184.397354,-12.235289,7.884751
182.703415,-12.189789,7.968696
181.005676,-12.144328,8.051791
179.249603,-12.097194,8.136389
177.485977,-12.049968,8.220262
175.787064,-12.004327,8.300142
174.153458,-11.960603,8.375564
172.515686,-11.916613,8.449799
170.815567,-11.871082,8.526183
169.071884,-11.824286,8.603267
167.374847,-11.778876,8.677016
165.756454,-11.735401,8.746652
164.220901,-11.694337,8.811441
162.733444,-11.654359,8.872883
161.218979,-11.613858,8.935132
159.669128,-11.572227,8.997559
158.158157,-11.531834,9.057651
156.715683,-11.493062,9.114192
155.315308,-11.455645,9.168331
153.885925,-11.417233,9.222551
152.384644,-11.377090,9.278371
150.794220,-11.334414,9.337258
149.150223,-11.290442,9.396747
147.545761,-11.247358,9.453788
146.014053,-11.206418,9.507483
144.561218,-11.167381,9.557340
143.187057,-11.130677,9.603715
141.888138,-11.095743,9.646519
140.631927,-11.062208,9.687809
139.347595,-11.027677,9.728827
137.991440,-10.991446,9.771580
136.546616,-10.952660,9.815468
135.006699,-10.911482,9.861864
133.409119,-10.868622,9.907891
131.847092,-10.826883,9.952872
130.348251,-10.786628,9.996109
128.866089,-10.747033,10.038768
127.333725,-10.705904,10.082705
125.718735,-10.662712,10.128603
124.027122,-10.617525,10.176684
122.349571,-10.571594,10.228523
120.723190,-10.528779,10.270161
119.085175,-10.484445,10.313599
117.375267,-10.439621,10.348016
115.582283,-10.392469,10.384230
113.773270,-10.344786,10.421636
112.025909,-10.299320,10.457053
110.340828,-10.253669,10.489704
108.646072,-10.210633,10.519686
106.886322,-10.183872,10.547299
105.081505,-10.192015,10.574445
103.319901,-10.204432,10.599254
101.635040,-10.219985,10.623204
100.032616,-10.235551,10.646113
98.505226,-10.250772,10.667964
96.996368,-10.265639,10.689449
95.436104,-10.281187,10.711653
93.806656,-10.297256,10.734977
92.187782,-10.313403,10.758346
90.613075,-10.328932,10.780991
89.023453,-10.344780,10.803684
87.364304,-10.361163,10.827358
85.620575,-10.356974,10.852336
83.857941,-10.349453,10.877804
82.153809,-10.340285,10.902440
80.526466,-10.330706,10.925890
78.943581,-10.321424,10.941770
77.326973,-10.311689,10.954726
75.666794,-10.301745,10.960144
74.043266,-10.291845,10.964544
72.487083,-10.282532,10.970347
70.969429,-10.273273,10.976231
69.419807,-10.264000,10.981866
67.858513,-10.254427,10.986447
66.346260,-10.245326,10.990309
64.900162,-10.236276,10.992344
63.491100,-10.227947,10.993336
62.046833,-10.219081,10.993989
60.523418,-10.210143,10.993717
58.903881,-10.200453,10.993483
57.189018,-10.190274,10.993405
55.450371,-10.179860,10.993566
53.766132,-10.169919,10.993740
52.156540,-10.160255,10.993837
50.623051,-10.151233,10.993872
49.129871,-10.142273,10.993858
47.601929,-10.133245,10.993829
45.994602,-10.123533,10.993977
44.291912,-10.113276,10.994376
42.493011,-10.102337,10.994925
40.604061,-10.090859,10.995637
38.696533,-10.079251,10.996527
36.851009,-10.068097,10.997375
35.087158,-10.057317,10.998103
33.406017,-10.047188,10.998734
31.768700,-10.037159,10.999212
30.096291,-10.027067,10.999622
28.344109,-10.016395,11.000106
26.500360,-10.005214,11.000690
24.580008,-9.993549,11.001331
22.676752,-9.982030,11.001877
20.846457,-9.970869,11.002094
19.099976,-9.960340,11.002112
17.437752,-9.950167,11.002112
15.857189,-9.940659,11.002110
14.353805,-9.931420,11.001341
12.890648,-9.922635,10.999581
11.392476,-9.913434,10.996887
9.814672,-9.903913,10.993105
8.140896,-9.893703,10.989061
6.385273,-9.883085,10.981877
4.639694,-9.872416,10.973215
2.957963,-9.862285,10.961946
1.352712,-9.852443,10.951148
-0.175278,-9.843262,10.938350
-1.645863,-9.834219,10.925293
-3.130098,-9.825294,10.909102
-4.684449,-9.815776,10.891817
-6.332800,-9.805814,10.872668
-8.080599,-9.795183,10.849988
-9.926402,-9.783988,10.823344
-11.828591,-9.772425,10.794251
-13.689687,-9.761182,10.765226
-15.475774,-9.750277,10.736341
-17.181425,-9.740000,10.707070
-18.807245,-9.730042,10.678867
-20.355988,-9.720730,10.652144
-21.830727,-9.711663,10.626772
-23.234568,-9.703249,10.602645
-24.585802,-9.694914,10.579374
-25.951050,-9.686728,10.555773
-27.386875,-9.677899,10.530968
-28.917198,-9.668671,10.504599
-30.534975,-9.658763,10.476847
-32.150421,-9.649046,10.449306
-33.710064,-9.639481,10.422679
-35.201050,-9.630534,10.397160
-36.621971,-9.621793,10.372799
-37.975758,-9.613694,10.349562
-39.295498,-9.605555,10.326808
-40.652405,-9.597430,10.303345
-42.090416,-9.588605,10.278525
-43.626762,-9.579349,10.252085
-45.267212,-9.569349,10.223973
-47.009930,-9.558805,10.194187
-48.851299,-9.547635,10.162812
-50.788471,-9.535899,10.129807
-52.819595,-9.523595,10.095190
-54.928352,-9.510823,10.059319
-57.018822,-9.498166,10.023912
-59.031151,-9.485979,9.989780
-60.953094,-9.474342,9.957111
-62.806622,-9.463119,9.925489
-64.676193,-9.451797,9.893466
-66.615196,-9.445189,9.860304
-68.620110,-9.489003,9.826157
-70.606613,-9.543991,9.792555
-72.517677,-9.603826,9.759137
-74.342377,-9.664473,9.723449
-76.084969,-9.721217,9.690162
-77.765350,-9.777368,9.658505
-79.445175,-9.832334,9.630468
-81.098396,-9.886751,9.602998
-82.689812,-9.938986,9.576378
-84.246513,-9.990266,9.550120
-85.841988,-10.041804,9.521340
-87.482735,-10.096537,9.489892
-89.099541,-10.152132,9.456581
-90.717422,-10.207395,9.421341
-92.400146,-10.264910,9.386999
-94.173912,-10.318788,9.351695
-96.001343,-10.325821,9.318543
-97.791420,-10.326439,9.286043
-99.509941,-10.321813,9.254593
-101.150719,-10.315976,9.224426
-102.714813,-10.309874,9.195606
-104.221977,-10.304047,9.167660
-105.740196,-10.298037,9.138740
-107.266098,-10.292364,9.109221
-108.746307,-10.286722,9.079897
-110.163605,-10.281684,9.051353
-111.514908,-10.276608,9.024172
-112.801254,-10.271966,9.000372
-114.023560,-10.267287,8.969228
-115.185913,-10.263249,8.938751
-116.297195,-10.258972,8.908377
-117.403008,-10.254570,8.873105
-118.565369,-10.249941,8.830448
-119.818260,-10.245114,8.787116
-121.163681,-10.239536,8.736054
-122.521988,-10.234177,8.679018
-123.841431,-10.228868,8.621642
-125.108574,-10.224322,8.563539
-126.326576,-10.220379,8.505992
-127.541466,-10.215765,8.449304
-128.817596,-10.211185,8.389553
-130.186386,-10.205812,8.328910
-131.656570,-10.199774,8.263837
-133.166428,-10.193876,8.192119
-134.645355,-10.187888,8.120094
-136.105820,-10.182209,8.043661
-137.614059,-10.176137,7.964642
-139.212128,-10.169868,7.881387
-140.915268,-10.163083,7.792921
-142.720459,-10.155958,7.699297
-144.555893,-10.148650,7.604323
-146.342514,-10.141651,7.511881
-148.078964,-10.134709,7.421890
-149.837006,-10.127807,7.330613
-151.673874,-10.120505,7.235248
-153.606812,-10.112860,7.134967
-155.622940,-10.104879,7.030488
-157.628403,-10.096948,6.926733
-159.565002,-10.089277,6.826495
-161.421204,-10.081961,6.730347
-163.197495,-10.074870,6.638291
-164.897659,-10.068207,6.550159
-166.524170,-10.061669,6.465837
-168.079941,-10.055593,6.385180
-169.569336,-10.049575,6.307952
-171.028488,-10.043887,6.232196
-172.531586,-10.037820,6.154097
-174.122849,-10.031565,6.071464
-175.818909,-10.024787,5.983462
-177.620743,-10.017639,5.890024
-179.510284,-10.010113,5.792132
-181.393387,-10.002672,5.694729
-183.214355,-9.995376,5.600489
-184.961151,-9.988505,5.510012
-186.633133,-9.981781,5.423367
-188.232666,-9.975512,5.340455
-189.762634,-9.969328,5.261139
-191.225830,-9.963615,5.185279
-192.624969,-9.957931,5.112741
-193.962677,-9.952732,5.043386
-195.241241,-9.947510,4.977096
-196.463043,-9.942787,4.913752
-197.630157,-9.937994,4.853242
-198.744629,-9.933712,4.795461
-199.808380,-9.929319,4.740309
-200.827423,-9.925426,4.687456
-201.843857,-9.921225,4.634644
-202.921219,-9.917073,4.578633
-204.093704,-9.912278,4.517737
-205.373505,-9.907293,4.451326
-206.764053,-9.901663,4.379208
-208.266556,-9.895759,4.301303
-209.881790,-9.889280,4.217562
-211.606735,-9.882444,4.128144
-213.437256,-9.875147,4.033261
-215.369934,-9.867460,3.933079
-217.402695,-9.859375,3.827710
-219.534409,-9.850901,3.717442
-221.764526,-9.842036,3.603416
-224.091599,-9.832792,3.486079
-226.515381,-9.823166,3.364280
-229.036102,-9.813161,3.239730
-231.651947,-9.802780,3.114137
-234.362045,-9.792031,2.986355
-237.167038,-9.780911,2.856020
-240.065048,-9.769426,2.725774
-243.055328,-9.757582,2.593659
-246.135071,-9.745389,2.460716
-249.223984,-9.733166,2.332831
-252.223236,-9.721302,2.210187
-255.102158,-9.709909,2.096286
-257.855255,-9.699003,1.990942
-260.531067,-9.688395,1.889433
-263.226288,-9.677699,1.790616
-265.987701,-9.666736,1.692750
-268.832428,-9.655443,1.593296
-271.765106,-9.643806,1.495108
-274.786285,-9.631819,1.397091
-277.897827,-9.619482,1.298695
-281.097656,-9.606800,1.202963
-284.385864,-9.593775,1.106730
-287.762482,-9.580405,1.012935
-291.221466,-9.566715,0.921169
-294.684631,-9.553019,0.833167
-298.044525,-9.539732,0.753729
-301.268433,-9.526979,0.679554
-304.348389,-9.514786,0.613532
-307.285767,-9.503142,0.553011
-310.086731,-9.492026,0.497920
-312.754913,-9.481423,0.449554
-315.296600,-9.471311,0.404475
-317.718445,-9.461665,0.363819
-320.024261,-9.452472,0.328046
-322.219452,-9.443710,0.295523
-324.309753,-9.435364,0.265064
-326.299988,-9.427411,0.238071
-328.193481,-9.419839,0.214918
-330.003326,-9.412596,0.193276
-331.799805,-9.405411,0.171694
-333.653931,-9.398000,0.151545
-335.590454,-9.390256,0.132279
-337.615814,-9.382145,0.113956
-339.731781,-9.373672,0.094902
-341.939331,-9.364833,0.079380
-344.235565,-9.355642,0.067959
-346.616760,-9.346109,0.058627
-349.009796,-9.336539,0.048966
-351.325684,-9.327283,0.039360
-353.562134,-9.318348,0.029809
-355.801697,-9.309394,0.020006
-358.102386,-9.300195,0.009932
-360.483734,-9.290682,0.002966
-362.933655,-9.280899,-0.000008
-365.354370,-9.271183,-0.000343
-367.690735,-9.261736,-0.001652
-369.998535,-9.252404,-0.002938
-372.345123,-9.286095,-0.003834
-374.688141,-9.350952,-0.004530
-376.951080,-9.431209,-0.005029
-379.111938,-9.515463,-0.004548
-381.168701,-9.598179,-0.003468
-383.124634,-9.677468,-0.002542
-385.006073,-9.753878,-0.001812
-386.899048,-9.830776,-0.001223
-388.843048,-9.909747,-0.000507
-390.762054,-9.987705,0.000413
-392.604645,-10.062565,0.001283
-394.362732,-10.133983,0.001855
-396.036041,-10.201950,0.002192
-397.627502,-10.266599,0.002195
-399.157562,-10.328748,0.002074
-400.698639,-10.391345,0.001872
-402.308167,-10.456723,0.001704
-404.010071,-10.525849,0.001603
-405.767853,-10.597257,0.001701
-407.487701,-10.667114,0.001888
-409.135651,-10.734060,0.002006
-410.724060,-10.798577,0.001992
-412.324097,-10.863570,0.001839
-413.989166,-10.975796,0.001693
-415.737671,-11.130460,0.001624
-417.506348,-11.293113,0.001778
-419.217957,-11.453809,0.001944
-420.853668,-11.608224,0.002034
-422.428558,-11.757078,0.002006
-424.014862,-11.907047,0.001844
-425.669983,-12.063520,0.001693
-427.376984,-12.224893,0.001740
-429.047211,-12.382788,0.001903
-430.649567,-12.534258,0.001999
-432.205719,-12.721698,0.001945
-433.779358,-12.942429,0.001845
-435.333435,-13.164447,0.001919
-436.827087,-13.380535,0.002001
-438.252380,-13.604673,0.002025
-439.650452,-13.885145,0.001902
-441.067963,-14.177090,0.001858
-442.452454,-14.465599,0.001937
-443.777924,-14.743035,0.002005
-445.038788,-15.007229,0.002037
-446.235352,-15.273540,0.002033
-447.403107,-15.589793,0.001908
-448.592834,-15.994224,0.001758
-449.828461,-16.423056,0.001756
-451.044281,-16.845644,0.001876
-452.210175,-17.256054,0.001960
-453.328979,-17.695782,0.001920
-454.454590,-18.138327,0.001877
-455.552094,-18.569963,0.001936
-456.601440,-18.983000,0.001986
-457.596985,-19.374929,0.002016
-458.538727,-19.745684,0.002026
-459.427246,-20.095501,0.002030
-460.264648,-20.425179,0.002025
-461.052063,-20.735197,0.002023
-461.791840,-21.026445,0.002015
-462.490723,-21.301584,0.001720
-463.165375,-21.567175,0.001666
-463.808380,-21.820330,0.001736
-464.419220,-22.060781,0.001772
-464.998749,-22.288979,0.001784
-465.548584,-22.505468,0.001784
-466.070496,-22.710928,0.001780
-466.566132,-22.906034,0.001775
-467.036774,-23.091335,0.001770
-467.483887,-23.267355,0.001765
-467.908478,-23.434528,0.001761
-468.311707,-23.593300,0.001757
-468.694672,-23.744045,0.001753
-469.058258,-23.887199,0.001749
-469.403534,-24.023109,0.001746
-469.731384,-24.152182,0.001742
-470.042694,-24.274719,0.001740
-470.338226,-24.391083,0.001736
-470.618896,-24.501564,0.001734
-470.885468,-24.606483,0.001731
-471.138519,-24.706091,0.001728
-471.378815,-24.800695,0.001726
-471.606903,-24.890503,0.001724
-471.823517,-24.975798,0.001721
-472.029175,-25.056765,0.001719
-472.224487,-25.133663,0.001717
-472.409943,-25.206659,0.001715
-472.586029,-25.275993,0.001713
-472.753357,-25.341806,0.001712
-472.912109,-25.404310,0.001710
-473.062775,-25.463648,0.001709
-473.205994,-25.520029,0.001707
-473.341980,-25.573566,0.001706
-473.467010,-25.622786,0.001702
-473.619354,-25.682817,0.001604
-473.837067,-25.768394,0.001503
-474.134064,-25.885168,0.001435
-474.518127,-26.036295,0.001393
-474.993164,-26.223145,0.001369
-475.547424,-26.468298,0.001368
-476.174133,-26.774994,0.001378
-476.845764,-27.165945,0.001757
-477.560211,-27.572317,0.001745
-478.300293,-27.973539,0.001803
-479.018188,-28.361168,0.001884
-479.706909,-28.760332,0.001871
-480.408386,-29.208630,0.001755
-481.135895,-29.752758,0.001652
-481.907928,-30.377028,0.001633
-482.704956,-30.993864,0.001772
-483.474762,-31.590925,0.001892
-484.190186,-32.193867,0.001919
-484.890259,-32.834530,0.001816
-485.582062,-33.572567,0.001697
-486.279022,-34.421589,0.001626
-487.008636,-35.295887,0.001734
-487.720032,-36.148930,0.001873
-488.367401,-36.992100,0.001940
-488.962799,-37.858772,0.001874
-489.515289,-38.810207,0.001737
-490.101654,-39.805702,0.001742
-490.683044,-40.786774,0.001857
-491.241058,-41.729038,0.001941
-491.785309,-42.648087,0.001901
-492.333984,-43.604893,0.001770
-492.888306,-44.643024,0.001667
-493.464508,-45.707512,0.001759
-494.026215,-46.745071,0.001886
-494.562775,-47.736629,0.001968
-495.072052,-48.677681,0.002006
-495.553558,-49.567425,0.002024
-496.007996,-50.407341,0.002027
-496.436096,-51.198456,0.002027
-496.838867,-51.942856,0.002021
-497.217102,-52.641708,0.002017
-497.575043,-53.303158,0.001727
-497.920349,-53.941196,0.001667
-498.249329,-54.549164,0.001736
-498.561737,-55.126602,0.001772
-498.858276,-55.674629,0.001783
-499.139587,-56.194473,0.001784
-499.406586,-56.687893,0.001780
-499.660156,-57.156395,0.001775
-499.900940,-57.601395,0.001770
-500.129669,-58.024040,0.001765
-500.346893,-58.425529,0.001761
-500.619598,-58.929539,0.001756
-500.812103,-59.285324,0.001752
-500.994598,-59.622494,0.001752
-501.163635,-59.952343,0.001712
-501.338074,-60.329697,0.001577
-501.529480,-60.789764,0.001473
-501.746826,-61.339149,0.001411
-502.026642,-61.963326,0.001387
-502.339081,-62.657558,0.001770
-502.625427,-63.353188,0.001620
-502.883453,-64.063293,0.001867
-503.105499,-64.799286,0.001829
-503.293579,-65.613754,0.001675
-503.503235,-66.512634,0.001649
-503.731506,-67.416687,0.001782
-503.953156,-68.288857,0.001892
-504.163849,-69.117432,0.001954
-504.362671,-69.899292,0.001982
-504.548889,-70.643402,0.001961
-504.708466,-71.400871,0.001839
-504.889130,-72.209816,0.001747
-505.074249,-73.027168,0.001820
-505.253235,-73.815971,0.001900
-505.425140,-74.573883,0.001913
-505.587982,-75.347717,0.001810
-505.726868,-76.195145,0.001676
-505.882050,-77.126976,0.001640
-506.046265,-78.069931,0.001776
-506.205536,-78.980995,0.001889
-506.357025,-79.847214,0.001954
-506.500610,-80.668365,0.001969
-506.629974,-81.480171,0.001882
-506.733246,-82.345528,0.001737
-506.854065,-83.264748,0.001734
-506.976318,-84.174950,0.001840
-507.093781,-85.048096,0.001922
-507.205231,-85.875572,0.001967
-507.308380,-86.664719,0.001953
-507.382660,-87.465195,0.001833
-507.472870,-88.331543,0.001688
-507.576050,-89.295380,0.001584
-507.686798,-90.326851,0.001659
-507.796539,-91.349068,0.001808
-507.904785,-92.357811,0.001826
-507.986084,-93.409645,0.001729
-508.042969,-94.543610,0.001629
-508.111755,-95.740196,0.001684
-508.180054,-96.922783,0.001833
-508.245697,-98.058601,0.001937
-508.308746,-99.151382,0.001943
-508.372620,-100.257484,0.001819
-508.440369,-101.431709,0.001683
-508.512756,-102.684265,0.001655
-508.585510,-103.943390,0.001796
-508.655731,-105.159714,0.001919
-508.722961,-106.323959,0.001965
-508.789612,-107.478180,0.001871
-508.859314,-108.686264,0.001726
-508.934021,-109.980446,0.001619
-509.013519,-111.358093,0.001624
-509.093262,-112.739693,0.001790
-509.170258,-114.073677,0.001925
-509.269257,-115.789627,0.001909
-509.345459,-117.109657,0.001768
-509.426208,-118.508598,0.001647
-509.512543,-120.002914,0.001572
-509.604492,-121.595093,0.001556
-509.697906,-123.214966,0.001735
-509.788635,-124.786133,0.001911
-509.875366,-126.287979,0.002008
-509.958893,-127.733749,0.001989
-510.043060,-129.191467,0.001838
-510.131195,-130.717865,0.001690
-510.223724,-132.321411,0.001666
-510.316010,-133.918701,0.001829
-510.365936,-135.474106,0.001901
-510.346161,-137.045166,0.001796
-510.311005,-138.651260,0.001801
-510.270782,-140.221558,0.001922
-510.230194,-141.726105,0.002008
-510.190643,-143.175430,0.001987
-510.150604,-144.637100,0.001837
-510.108826,-146.164200,0.001710
-510.066315,-147.714050,0.001801
-510.025116,-149.217819,0.001933
-509.985718,-150.655182,0.002012
-509.947968,-152.038437,0.001988
-509.909790,-153.433807,0.001838
-509.869720,-154.897522,0.001691
-509.827209,-156.449844,0.001617
-509.783966,-158.029953,0.001758
-509.742035,-159.563477,0.001917
-509.701904,-161.029480,0.002007
-509.663147,-162.440521,0.001987
-509.628540,-163.863480,0.001839
-509.631439,-165.338959,0.001758
-509.633881,-166.807816,0.001863
-509.638245,-168.222824,0.001967
-509.642883,-169.571838,0.002024
-509.647552,-170.853271,0.002048
-509.652222,-172.082794,0.002000
-509.656891,-173.323624,0.001845
-509.661591,-174.628860,0.001714
-509.666290,-175.961884,0.001788
-509.670959,-177.258408,0.001909
-509.675659,-178.502823,0.001962
-509.680328,-179.737579,0.001868
-509.685028,-181.026947,0.001723
-509.691772,-182.847275,0.001719
-509.696564,-184.198410,0.001862
-509.701233,-185.495071,0.001964
-509.705933,-186.730194,0.002009
-509.710114,-187.931564,0.001938
-509.714783,-189.167450,0.001783
-509.723907,-190.481415,0.001656
-509.748260,-191.874756,0.001644
-509.771088,-193.270828,0.001801
-509.793549,-194.618240,0.001932
-509.815308,-195.908569,0.001978
-509.836914,-197.187592,0.001877
-509.859314,-198.520584,0.001730
-509.882721,-199.905075,0.001744
-509.905640,-201.266632,0.001875
-509.927643,-202.572922,0.001971
-509.948547,-203.817062,0.002013
-509.969055,-205.027298,0.001940
-509.989990,-206.272049,0.001783
-510.012207,-207.591949,0.001674
-510.035034,-208.942444,0.001768
-510.057098,-210.256485,0.001901
-510.078217,-211.512756,0.001984
-510.098389,-212.707397,0.002016
-510.117798,-213.868546,0.001942
-510.137970,-215.063614,0.001786
-510.158966,-216.304382,0.001772
-510.179535,-217.525665,0.001878
-510.199219,-218.697159,0.001961
-510.218109,-219.824051,0.001954
-510.237244,-220.964081,0.001824
-510.257599,-222.171951,0.001687
-510.278687,-223.437714,0.001716
-510.299683,-224.686142,0.001853
-510.319885,-225.884735,0.001951
-510.339233,-227.038269,0.001951
-510.358856,-228.205032,0.001822
-510.379639,-229.440002,0.001685
-510.401947,-230.766174,0.001596
-510.425354,-232.155792,0.001674
-510.448425,-233.525070,0.001843
-510.470642,-234.845184,0.001931
-510.488495,-236.156677,0.001854
-510.471527,-237.518112,0.001738
-510.457062,-238.902206,0.001807
-510.441956,-240.246597,0.001923
-510.426971,-241.536652,0.001971
-510.412109,-242.816422,0.001872
-510.396545,-244.150818,0.001725
-510.379974,-245.568192,0.001639
-510.363007,-247.015976,0.001758
-510.346588,-248.423553,0.001905
-510.325836,-250.204514,0.002003
-510.310608,-251.494980,0.001936
-510.295135,-252.820557,0.001781
-510.278870,-254.221359,0.001673
-510.262085,-255.650848,0.001773
-510.224121,-257.490265,0.001942
-510.131622,-258.823303,0.001910
-510.016785,-260.179718,0.001824
-509.902435,-261.524658,0.001893
-509.755096,-263.236389,0.001991
-509.646820,-264.446899,0.002029
-509.499084,-265.587006,0.002042
-509.327423,-266.686310,0.001971
-509.164398,-267.765991,0.001954
-509.007690,-268.802002,0.001983
-508.796265,-270.110199,0.001969
-508.621674,-271.092957,0.001833
-508.439880,-272.143036,0.001691
-508.184418,-273.620789,0.001755
-507.997253,-274.704254,0.001879
-507.730316,-276.077850,0.001932
-507.482208,-277.104218,0.001815
-507.224701,-278.196167,0.001699
-506.961426,-279.319305,0.001772
-506.705109,-280.413757,0.001889
-506.459045,-281.463898,0.001943
-506.214783,-282.506348,0.001859
-505.957947,-283.601898,0.001720
-505.681488,-284.781891,0.001615
-505.382599,-286.057312,0.001556
-505.028473,-287.421448,0.001531
-504.646057,-288.867493,0.001586
-504.262451,-290.313232,0.001784
-503.891907,-291.707520,0.001933
-503.537811,-293.038696,0.002004
-503.177216,-294.329651,0.001943
-502.747223,-295.632629,0.001789
-502.251068,-296.991669,0.001678
-501.745209,-298.376434,0.001780
-501.251404,-299.720886,0.001917
-500.778687,-301.005798,0.002000
-500.329132,-302.227448,0.002038
-499.900757,-303.391205,0.002028
-499.451202,-304.530426,0.001906
-498.984100,-305.705750,0.001800
-498.518585,-306.877258,0.001870
-498.069794,-308.006042,0.001954
-497.642303,-309.080872,0.002004
-497.236664,-310.100769,0.002020
-496.816437,-311.076813,0.001950
-496.345154,-312.064270,0.001793
-495.858612,-313.096069,0.001773
-495.380371,-314.113464,0.001872
-494.921600,-315.089294,0.001952
-494.484009,-316.019867,0.001975
-494.050781,-316.941254,0.001877
-493.594940,-317.910645,0.001729
-493.102386,-318.958252,0.001620
-492.559570,-320.086273,0.001580
-491.996796,-321.245300,0.001719
-491.448425,-322.375061,0.001875
-490.923706,-323.455292,0.001968
-490.425446,-324.481140,0.002012
-489.939758,-325.449280,0.002014
-489.418427,-326.381470,0.001901
-488.870667,-327.345428,0.001796
-488.326874,-328.311462,0.001859
-487.802734,-329.242615,0.001938
-487.304138,-330.128357,0.001986
-486.832062,-330.966980,0.002004
-486.356506,-331.766388,0.001940
-485.871948,-332.585144,0.001837
-485.390350,-333.401978,0.001876
-484.927216,-334.187897,0.001936
-484.487732,-334.933777,0.001975
-484.072723,-335.637878,0.001989
-483.653046,-336.303619,0.001935
-483.202606,-336.985413,0.001788
-482.735779,-337.713776,0.001764
-482.272522,-338.438538,0.001832
-481.804352,-339.171387,0.001786
-481.302063,-339.957581,0.001675
-480.750610,-340.820587,0.001590
-480.145233,-341.768127,0.001542
-479.484558,-342.802185,0.001519
-478.768402,-343.923035,0.001509
-477.993195,-345.127930,0.001507
-477.115692,-346.385773,0.001504
-476.172638,-347.722351,0.001508
-475.170288,-349.137054,0.001515
-474.120758,-350.616211,0.001595
-473.078766,-352.084259,0.001817
-472.076263,-353.496826,0.001975
-471.112457,-354.846680,0.002023
-470.109161,-356.141632,0.001906
-469.024750,-357.440338,0.001740
-467.902435,-358.768768,0.001768
-466.800812,-360.063934,0.001917
-465.744171,-361.303986,0.002017
-464.737244,-362.484863,0.002064
-463.776154,-363.612366,0.002052
-462.824707,-364.728027,0.001912
-461.838654,-365.884705,0.001743
-460.796021,-367.107361,0.001624
-459.690277,-368.404297,0.001563
-458.524170,-369.771820,0.001564
-457.344452,-371.155457,0.001753
-456.201172,-372.496307,0.001926
-455.052246,-373.777557,0.001913
-453.832642,-375.041290,0.001768
-452.576630,-376.326080,0.001789
-451.345581,-377.576111,0.001932
-450.165222,-378.772339,0.002028
-449.036469,-379.909088,0.002067
-447.897766,-380.969604,0.001977
-446.697113,-382.011719,0.001798
-445.442841,-383.090851,0.001730
-444.193787,-384.159607,0.001863
-442.985657,-385.192017,0.001950
-441.764984,-386.189087,0.001866
-440.496643,-387.210449,0.001741
-439.213013,-388.239410,0.001825
-437.968658,-389.235413,0.001952
-436.778168,-390.187653,0.002020
-435.607788,-391.101196,0.001952
-434.382294,-391.995514,0.001790
-433.121704,-392.913635,0.001787
-431.884705,-393.810577,0.001910
-430.698608,-394.669983,0.001999
-429.564209,-395.491211,0.002017
-428.441071,-396.304626,0.001895
-427.274292,-397.149475,0.001736
-426.037720,-398.045074,0.001622
-424.718658,-398.994171,0.001561
-423.286194,-399.946899,0.001541
-421.797516,-400.917480,0.001674
-420.337952,-401.861359,0.001879
-418.936798,-402.764526,0.001995
-417.550171,-403.608795,0.001946
-416.097260,-404.404724,0.001784
-414.578186,-405.215302,0.001725
-413.067535,-406.013000,0.001867
-411.612732,-406.778717,0.001987
-410.208710,-407.516815,0.001982
-408.794067,-408.260529,0.001834
-407.317444,-409.036774,0.001686
-405.763031,-409.853790,0.001620
-404.189758,-410.680817,0.001775
-402.666443,-411.481781,0.001942
-401.210541,-412.246979,0.002034
-399.824799,-412.975586,0.002074
-398.507538,-413.668030,0.002086
-397.254883,-414.322113,0.002089
-396.045929,-414.894043,0.002089
-394.884796,-415.401276,0.002079
-393.784393,-415.882324,0.002068
-392.740967,-416.336914,0.002052
-391.728241,-416.777222,0.001959
-390.675018,-417.199554,0.001800
-389.548126,-417.635223,0.001682
-388.392212,-418.086578,0.001766
-387.265747,-418.525879,0.001891
-386.175842,-418.951172,0.001918
-385.071442,-419.381866,0.001805
-383.902740,-419.837799,0.001676
-382.651550,-420.325775,0.001611
-381.368866,-420.826233,0.001739
-380.120056,-421.313202,0.001890
-378.924652,-421.779602,0.001973
-377.755096,-422.218597,0.001927
-376.544525,-422.631287,0.001797
-375.318207,-423.053314,0.001834
-374.127380,-423.462372,0.001929
-372.988770,-423.852875,0.001986
-371.880157,-424.233337,0.001926
-370.738586,-424.624908,0.001777
-369.513733,-425.006409,0.001658
-368.206818,-425.391663,0.001644
-366.896637,-425.780151,0.001798
-365.631134,-426.154053,0.001927
-364.406891,-426.499390,0.001948
-363.158112,-426.790344,0.001825
-361.851471,-427.076752,0.001747
-360.546661,-427.363464,0.001848
-359.288147,-427.639130,0.001949
-358.088470,-427.901306,0.002006
-356.934875,-428.138428,0.001984
-355.768280,-428.341644,0.001857
-354.592468,-428.552216,0.001866
-353.452454,-428.755585,0.001938
-352.364960,-428.949799,0.001990
-351.333832,-429.133545,0.002015
-350.359161,-429.307617,0.002025
-349.439453,-429.471527,0.002026
-348.573181,-429.626282,0.002022
-347.748352,-429.770142,0.001982
-346.915894,-429.894318,0.001862
-346.072021,-430.028107,0.001857
-345.252869,-430.159088,0.001907
-344.451202,-430.283844,0.001879
-343.609253,-430.377777,0.001757
-342.698792,-430.479340,0.001694
-341.777283,-430.589050,0.001796
-340.874512,-430.683899,0.001854
-339.948669,-430.755859,0.001769
-338.962891,-430.842285,0.001711
-337.968964,-430.930542,0.001810
-337.004578,-431.003052,0.001892
-336.042664,-431.048767,0.001831
-335.024261,-431.105774,0.001704
-333.930664,-431.168152,0.001666
-332.821716,-431.231293,0.001767
-331.696472,-431.295502,0.001747
-330.505371,-431.363159,0.001658
-329.256989,-431.434448,0.001703
-328.025177,-431.504456,0.001846
-326.837585,-431.572144,0.001924
-325.657104,-431.639221,0.001849
-324.421661,-431.709595,0.001717
-323.133240,-431.782837,0.001734
-321.863892,-431.855225,0.001863
-320.645508,-431.924438,0.001958
-319.485535,-431.990601,0.002001
-318.358032,-432.054596,0.001935
-317.196777,-432.120758,0.001782
-315.957886,-432.174377,0.001659
-314.638855,-432.211517,0.001644
-313.314514,-432.251007,0.001795
-312.035431,-432.288940,0.001923
-310.815735,-432.324677,0.001994
-309.657166,-432.358826,0.002020
-308.531982,-432.391632,0.001944
-307.373444,-432.425812,0.001787
-306.149841,-432.461578,0.001716
-304.922150,-432.497803,0.001823
-303.736755,-432.528778,0.001930
-302.596863,-432.513306,0.001945
-301.454193,-432.485901,0.001870
-300.325348,-432.462067,0.001908
-299.240143,-432.438538,0.001959
-298.182037,-432.412170,0.001911
-297.092957,-432.344086,0.001775
-295.956635,-432.277283,0.001764
-294.836182,-432.212097,0.001867
-293.756653,-432.149567,0.001928
-292.683441,-432.086945,0.001851
-291.555878,-432.049316,0.001720
-290.345551,-432.009216,0.001635
-289.100037,-431.967224,0.001743
-287.880585,-431.925934,0.001857
-286.661316,-431.884949,0.001810
-285.386353,-431.841858,0.001711
-284.085571,-431.798157,0.001788
-282.820496,-431.755371,0.001908
-281.606354,-431.714600,0.001959
-280.401855,-431.673859,0.001867
-279.143250,-431.631592,0.001724
-277.798553,-431.586151,0.001619
-276.370758,-431.538147,0.001625
-274.940521,-431.489807,0.001794
-273.560028,-431.443390,0.001932
-272.243256,-431.398895,0.002006
-270.992615,-431.356903,0.002038
-269.806976,-431.316864,0.002049
-268.684418,-431.279205,0.002049
-267.622925,-431.243286,0.002045
-266.620239,-431.209625,0.002040
-265.673431,-431.177582,0.002028
-264.757874,-431.146851,0.001948
-263.810822,-431.114838,0.001791
-262.786346,-431.080383,0.001660
-261.698792,-431.043518,0.001694
-260.621704,-431.007385,0.001829
-259.587067,-430.972321,0.001928
-258.604279,-430.939362,0.001981
-257.675415,-430.907867,0.002005
-256.798920,-430.878510,0.002008
-256.234802,-430.859436,0.001975
-255.374741,-430.830231,0.001841
-254.448685,-430.799133,0.001694
-253.433563,-430.764801,0.001615
-252.378159,-430.729248,0.001724
-251.345718,-430.694275,0.001852
-250.335373,-430.673218,0.001871
-249.339218,-430.649445,0.001901
-248.381973,-430.626801,0.001951
-247.469604,-430.604797,0.001967
-246.566574,-430.583496,0.001874
-245.611053,-430.560577,0.001728
-244.568771,-430.535858,0.001619
-243.427780,-430.508545,0.001556
-242.184753,-430.479065,0.001526
-240.852890,-430.447144,0.001577
-239.513947,-430.415314,0.001764
-238.204605,-430.384003,0.001851
-236.874680,-430.352448,0.001768
-235.473282,-430.318970,0.001658
-233.979507,-430.283508,0.001583
-232.424545,-430.246460,0.001677
-230.897202,-430.210144,0.001859
-229.431870,-430.175079,0.001977
-228.036346,-430.141907,0.002034
-226.710800,-430.110138,0.002057
-225.453278,-430.080353,0.002061
-224.247513,-430.051392,0.002006
-223.031036,-430.022522,0.001849
-221.760193,-429.992126,0.001757
-220.489426,-429.962036,0.001847
-219.263397,-429.932648,0.001942
-218.081268,-429.904602,0.001946
-216.885681,-429.875977,0.001821
-215.653275,-429.846832,0.001797
-214.442444,-429.817749,0.001891
-213.281433,-429.790222,0.001966
-212.164963,-429.763458,0.001957
-211.035797,-429.736664,0.001826
-209.838974,-429.708038,0.001687
-208.550797,-429.677399,0.001596
-207.177399,-429.644470,0.001612
-205.799210,-429.611694,0.001784
-204.468262,-429.579834,0.001923
-203.198746,-429.549683,0.001997
-201.979156,-429.520508,0.001977
-200.747971,-429.491241,0.001835
-199.449356,-429.460114,0.001691
-198.073532,-429.427338,0.001662
-196.694855,-429.394287,0.001808
-195.364014,-429.362671,0.001933
-194.089569,-429.332153,0.001978
-192.826447,-429.302185,0.001877
-191.509552,-429.270660,0.001729
-190.106766,-429.237305,0.001621
-188.606461,-429.201385,0.001558
-187.019745,-429.163635,0.001600
-185.436966,-429.125732,0.001798
-183.911438,-429.089417,0.001946
-182.439163,-429.054077,0.001959
-180.954056,-429.018707,0.001824
-179.400192,-428.981506,0.001686
-177.792679,-428.943146,0.001731
-176.216614,-428.905457,0.001887
-174.705307,-428.869446,0.001993
-173.265930,-428.835022,0.002045
-171.898285,-428.802521,0.002064
-170.600464,-428.771393,0.002068
-169.365250,-428.738312,0.002044
-168.147964,-428.693390,0.001924
-166.933105,-428.650757,0.001910
-165.744797,-428.608459,0.001908
-164.539490,-428.531677,0.001798
-163.267685,-428.412231,0.001674
-161.937561,-428.292633,0.001712
-160.621902,-428.169312,0.001831
-159.312012,-427.992920,0.001799
-157.958984,-427.746124,0.001711
-156.582275,-427.495392,0.001795
-155.233627,-427.229614,0.001861
-154.335419,-427.015656,0.001813
-153.412567,-426.787384,0.001733
-151.993576,-426.437408,0.001755
-150.596588,-426.085938,0.001861
-149.215912,-425.685059,0.001815
-148.278900,-425.408386,0.001792
-146.891144,-424.995850,0.001884
-145.556168,-424.597290,0.001976
-144.701035,-424.341675,0.002014
-143.471771,-423.973846,0.002042
-142.682831,-423.737854,0.002027
-141.516525,-423.353851,0.001908
-140.721237,-423.078461,0.001812
-139.917038,-422.802765,0.001814
-139.122696,-422.530060,0.001863
-137.940094,-422.123322,0.001848
-137.131683,-421.845306,0.001773
-135.858566,-421.407532,0.001658
-134.961578,-421.099060,0.001602
-134.023163,-420.776245,0.001564
-133.041840,-420.438751,0.001537
-132.017517,-420.086365,0.001523
-130.951324,-419.719635,0.001520
-129.312180,-419.155762,0.001661
-128.235764,-418.785583,0.001807
-127.180748,-418.422760,0.001889
-126.131645,-418.056976,0.001871
-125.076042,-417.659821,0.001794
-124.003700,-417.255310,0.001774
-122.418747,-416.652893,0.001892
-121.395561,-416.262054,0.001969
-119.921402,-415.678711,0.002017
-118.970970,-415.255249,0.001959
-118.021317,-414.801697,0.001866
-117.069588,-414.346863,0.001866
-116.136177,-413.896484,0.001922
-115.228348,-413.456055,0.001979
-114.349472,-413.024139,0.002015
-113.501793,-412.574768,0.001991
-112.653427,-412.114746,0.001896
-111.793510,-411.648895,0.001844
-110.941162,-411.185333,0.001879
-110.108131,-410.731445,0.001938
-109.298004,-410.289673,0.001979
-108.102768,-409.637756,0.001922
-107.297485,-409.185394,0.001826
-106.465240,-408.717712,0.001728
-105.599266,-408.231079,0.001650
-104.696136,-407.723206,0.001593
-103.754112,-407.193207,0.001557
-102.776596,-406.643188,0.001560
-101.789726,-406.087921,0.001671
-100.817886,-405.541077,0.001809
-99.865166,-405.005005,0.001889
-98.915955,-404.470886,0.001868
-97.950340,-403.927612,0.001787
-96.958817,-403.364105,0.001703
-95.942589,-402.773346,0.001657
-94.918953,-402.178619,0.001733
-93.912758,-401.592621,0.001852
-92.931656,-401.020447,0.001940
-91.966217,-400.457153,0.001942
-90.997490,-399.886200,0.001866
-90.015381,-399.294495,0.001786
-89.029381,-398.700897,0.001816
-88.060936,-398.116486,0.001899
-87.118301,-397.546814,0.001974
-86.204376,-396.994171,0.002026
-85.319809,-396.459198,0.002057
-84.464424,-395.941833,0.002074
-83.637627,-395.441742,0.002081
-82.838814,-394.958557,0.002083
-82.067291,-394.491852,0.002081
-81.322342,-394.041290,0.002077
-80.603325,-393.606445,0.002073
-79.909584,-393.186798,0.002068
-79.240501,-392.782104,0.002063
-78.595467,-392.391937,0.002058
-77.973808,-392.015930,0.002052
-77.379669,-391.640625,0.002033
-76.796608,-391.265686,0.001974
-76.218468,-390.897949,0.001950
-75.654037,-390.539093,0.001960
-75.108887,-390.188629,0.001978
-74.592087,-389.832336,0.001980
-74.086403,-389.469574,0.001926
-73.571556,-389.108551,0.001876
-73.060104,-388.751587,0.001886
-72.560318,-388.403076,0.001917
-72.072929,-388.063354,0.001930
-71.595940,-387.715332,0.001894
-71.107819,-387.354828,0.001810
-70.600494,-386.985626,0.001770
-70.092163,-386.616333,0.001809
-69.592514,-386.253387,0.001861
-69.098999,-385.895020,0.001870
-68.599777,-385.528229,0.001817
-68.093498,-385.128632,0.001740
-67.560959,-384.707581,0.001680
-67.013313,-384.280670,0.001718
-66.470016,-383.857849,0.001798
-65.945045,-383.432373,0.001857
-65.431389,-382.994904,0.001842
-64.900841,-382.551056,0.001787
-64.363297,-382.103027,0.001799
-63.832680,-381.660919,0.001854
-63.315434,-381.229889,0.001909
-62.814453,-380.812439,0.001951
-62.339226,-380.400238,0.001978
-61.885021,-379.986908,0.001958
-61.424355,-379.576080,0.001893
-60.961521,-379.165253,0.001876
-60.506538,-378.761658,0.001901
-60.064144,-378.369202,0.001933
-59.635906,-377.989410,0.001954
-59.216953,-377.617767,0.001938
-58.793736,-377.242401,0.001867
-58.352276,-376.850861,0.001771
-57.884014,-376.435486,0.001682
-57.384628,-375.992523,0.001616
-56.854916,-375.517426,0.001572
-56.310139,-374.994446,0.001548
-55.744583,-374.428162,0.001529
-55.142406,-373.833649,0.001518
-54.507187,-373.207764,0.001512
-53.839767,-372.549988,0.001510
-53.149921,-371.870056,0.001573
-52.460552,-371.190552,0.001706
-51.784317,-370.524017,0.001832
-51.126526,-369.875580,0.001924
-50.489246,-369.247406,0.001983
-49.872173,-368.639069,0.002011
-49.267166,-368.042755,0.001981
-48.658138,-367.442383,0.001890
-48.031815,-366.824982,0.001786
-47.389240,-366.191620,0.001752
-46.748371,-365.559845,0.001811
-46.120228,-364.940613,0.001888
-45.508640,-364.337738,0.001943
-44.907391,-363.745026,0.001936
-44.304192,-363.144684,0.001863
-43.704506,-362.508240,0.001771
-43.085606,-361.841797,0.001686
-42.446262,-361.156677,0.001684
-41.808311,-360.471954,0.001770
-41.182999,-359.800232,0.001866
-40.577236,-359.143433,0.001935
-40.003181,-358.481079,0.001938
-39.430019,-357.809296,0.001864
-38.846558,-357.128143,0.001823
-38.267574,-356.451019,0.001861
-37.701466,-355.788239,0.001920
-37.151733,-355.144196,0.001969
-36.619732,-354.520935,0.002004
-36.105854,-353.918854,0.002024
-35.609306,-353.337067,0.002029
-35.123276,-352.767609,0.001990
-34.635357,-352.195923,0.001911
-34.147057,-351.623810,0.001891
-33.667278,-351.061676,0.001917
-33.197666,-350.511505,0.001931
-32.732384,-349.960693,0.001889
-32.271091,-349.384979,0.001805
-31.786207,-348.787384,0.001714
-31.275852,-348.160004,0.001641
-30.738487,-347.499573,0.001589
-30.176718,-346.802094,0.001557
-29.606642,-346.055817,0.001538
-29.009373,-345.277893,0.001546
-28.403734,-344.488495,0.001650
-27.805992,-343.708466,0.001782
-27.222952,-342.940216,0.001864
-26.666389,-342.157959,0.001855
-26.106585,-341.355469,0.001782
-25.535217,-340.537415,0.001762
-24.968281,-339.722992,0.001827
-24.414009,-338.925537,0.001907
-23.875628,-338.150330,0.001970
-23.357073,-337.396423,0.002006
-22.872305,-336.643066,0.001985
-22.422913,-335.865845,0.001908
-21.983181,-335.059723,0.001813
-21.536312,-334.248596,0.001820
-21.097755,-333.448425,0.001881
-20.671278,-332.667816,0.001941
-20.259302,-331.904449,0.001965
-19.874496,-331.134491,0.001920
-19.489157,-330.349060,0.001839
-19.099779,-329.559906,0.001840
-18.717060,-328.782806,0.001892
-18.344034,-328.024292,0.001938
-17.991705,-327.272186,0.001935
-17.656324,-326.505585,0.001861
-17.307243,-325.716949,0.001765
-16.943674,-324.895660,0.001680
-16.563881,-324.036743,0.001616
-16.166752,-323.138184,0.001575
-15.757413,-322.211914,0.001614
-15.348982,-321.287567,0.001734
-14.948627,-320.381531,0.001852
-14.559294,-319.500397,0.001939
-14.181538,-318.645447,0.001988
-13.810721,-317.806244,0.001968
-13.448215,-316.957672,0.001885
-13.076112,-316.086426,0.001780
-12.691463,-315.185638,0.001709
-12.302793,-314.274597,0.001751
-11.919520,-313.375824,0.001842
-11.545222,-312.497894,0.001916
-11.176628,-311.633331,0.001920
-10.805001,-310.761597,0.001850
-10.423214,-309.866028,0.001757
-10.027274,-308.937256,0.001674
-9.615005,-307.970154,0.001610
-9.185467,-306.962585,0.001568
-8.738658,-305.914459,0.001545
-8.274907,-304.826599,0.001535
-7.794609,-303.699951,0.001532
-7.298070,-302.535217,0.001533
-6.785536,-301.332947,0.001536
-6.257285,-300.093903,0.001540
-5.719078,-298.831390,0.001612
-5.185261,-297.579132,0.001765
-4.663761,-296.355835,0.001906
-4.157402,-295.168030,0.002006
-3.667001,-294.017639,0.002067
-3.192570,-292.904755,0.002101
-2.733699,-291.828430,0.002116
-2.289803,-290.787231,0.002119
-1.860314,-289.779785,0.002117
-1.444906,-288.805389,0.002112
-1.057986,-287.852264,0.002085
-0.699667,-286.897949,0.001993
-0.339961,-285.939087,0.001923
0.013226,-284.990845,0.001937
0.356949,-284.063416,0.001969
0.678100,-283.144867,0.001956
0.966677,-282.210144,0.001880
1.238207,-281.245361,0.001777
1.517600,-280.259247,0.001752
1.793033,-279.277435,0.001821
2.061317,-278.315796,0.001904
2.323058,-277.375366,0.001943
2.583405,-276.439087,0.001900
2.848481,-275.485443,0.001808
3.121991,-274.501373,0.001718
3.402233,-273.493164,0.001710
3.681218,-272.489410,0.001796
3.954442,-271.506378,0.001891
4.221634,-270.545105,0.001936
4.487625,-269.588135,0.001896
4.758431,-268.613800,0.001806
5.037795,-267.608673,0.001714
5.326809,-266.568848,0.001662
5.618590,-265.519135,0.001728
5.906032,-264.484985,0.001838
6.186208,-263.476990,0.001932
6.458002,-262.499146,0.001996
6.721116,-261.552521,0.002034
6.977039,-260.631805,0.002029
7.226945,-259.716675,0.001957
7.451617,-258.780243,0.001851
7.674427,-257.812164,0.001745
7.903526,-256.820038,0.001726
8.130328,-255.831635,0.001803
8.352072,-254.861954,0.001884
8.553213,-253.902573,0.001903
8.730083,-252.931366,0.001842
8.910177,-251.946304,0.001810
9.087121,-250.968567,0.001861
9.258857,-250.012283,0.001929
9.425352,-249.081955,0.001975
9.588781,-248.167526,0.001958
9.753319,-247.246460,0.001874
9.922283,-246.300476,0.001772
10.097525,-245.319290,0.001684
10.280033,-244.297440,0.001617
10.470299,-243.232101,0.001572
10.668292,-242.123550,0.001549
10.871368,-240.986694,0.001606
11.073216,-239.856583,0.001746
11.252119,-238.747910,0.001871
11.392781,-237.651657,0.001902
11.519969,-236.545593,0.001838
11.646159,-235.415848,0.001769
11.769343,-234.281036,0.001805
11.889050,-233.163605,0.001881
11.987715,-232.058868,0.001902
12.056786,-230.944397,0.001838
12.124404,-229.815948,0.001812
12.187783,-228.698120,0.001872
12.247563,-227.604324,0.001938
12.305488,-226.526260,0.001935
12.363439,-225.440292,0.001857
12.422665,-224.327713,0.001758
12.483806,-223.178329,0.001673
12.547107,-221.988251,0.001614
12.612599,-220.756973,0.001580
12.680268,-219.484741,0.001561
12.750095,-218.171982,0.001552
12.821871,-216.822586,0.001570
12.894017,-215.466248,0.001690
12.964911,-214.133377,0.001842
13.033911,-212.836182,0.001961
13.100814,-211.578430,0.002038
13.177800,-209.746323,0.002023
13.188758,-208.524582,0.001916
13.195194,-207.291672,0.001864
13.196317,-206.072845,0.001912
13.189603,-204.881927,0.001973
13.161086,-203.126831,0.001947
13.140675,-201.971634,0.001955
13.119337,-200.836853,0.001966
13.097462,-199.705307,0.001908
13.084381,-197.967865,0.001759
13.073995,-196.149612,0.001644
13.065365,-194.256729,0.001656
13.060035,-192.999191,0.001784
13.054920,-191.768295,0.001896
13.049915,-190.555130,0.001917
13.044903,-189.334427,0.001847
13.039784,-188.087204,0.001754
13.034519,-186.804718,0.001676
13.029092,-185.484100,0.001624
13.020639,-183.429688,0.001581
13.014815,-182.014191,0.001588
13.008962,-180.592422,0.001702
13.003210,-179.195282,0.001851
12.997579,-177.827438,0.001934
12.991978,-176.466751,0.001901
12.986303,-175.088470,0.001811
12.980506,-173.680634,0.001725
12.974566,-172.237869,0.001661
12.968471,-170.757706,0.001618
12.962212,-169.239197,0.001591
12.955808,-167.685471,0.001596
12.949380,-166.126694,0.001711
12.943063,-164.595032,0.001866
12.936912,-163.103714,0.001990
12.930945,-161.657318,0.002072
12.925171,-160.256821,0.002120
12.916777,-158.219177,0.002069
12.911186,-156.861801,0.001942
12.902610,-154.778275,0.001764
12.896716,-153.346970,0.001684
12.890667,-151.878448,0.001631
12.881292,-149.603546,0.001587
12.871552,-147.241394,0.001568
12.861614,-144.832336,0.001706
12.855103,-143.254715,0.001865
12.845662,-140.967499,0.002041
12.839613,-139.501007,0.002107
12.833758,-138.081573,0.002142
12.828068,-136.700958,0.002124
12.819585,-134.642395,0.001951
12.813827,-133.244308,0.001822
12.807934,-131.814056,0.001724
12.801894,-130.347733,0.001657
12.795695,-128.843597,0.001614
12.786096,-126.514977,0.001579
12.776130,-124.098854,0.001563
12.769296,-122.443085,0.001580
12.759053,-119.962364,0.001788
12.752398,-118.351120,0.001939
12.742773,-116.020966,0.002085
12.736611,-114.528297,0.002137
12.730644,-113.082176,0.002153
12.680823,-110.960464,0.002038
12.632592,-109.548935,0.001966
12.550413,-107.477837,0.002020
12.493556,-106.144615,0.002071
12.409595,-104.222916,0.002117
12.328021,-102.372604,0.002052
12.245731,-100.509529,0.001860
12.189296,-99.231773,0.001751
12.131429,-97.921822,0.001694
12.073310,-96.606483,0.001764
11.988266,-94.681221,0.001935
11.933556,-93.442802,0.002017
11.880560,-92.242889,0.002066
11.804092,-90.512955,0.002090
11.729767,-88.827858,0.001983
11.679450,-87.688515,0.001858
11.627730,-86.517433,0.001744
11.574493,-85.311592,0.001683
11.520931,-84.098122,0.001750
11.442334,-82.319626,0.001915
11.367176,-80.615730,0.002023
11.319000,-79.524559,0.002061
11.249583,-77.954483,0.002087
11.205283,-76.951164,0.002092
11.141728,-75.509117,0.002091
11.081163,-74.140007,0.002085
11.023707,-72.835625,0.002052
10.966614,-71.545349,0.001912
10.907449,-70.202599,0.001747
10.845804,-68.809029,0.001752
10.805230,-67.890083,0.001838
10.746417,-66.555138,0.001947
10.689852,-65.277046,0.001984
10.634064,-64.010460,0.001880
10.579982,-62.690266,0.001732
10.552557,-61.767132,0.001674
10.508363,-60.366390,0.001772
10.465715,-59.002708,0.001899
10.424399,-57.665806,0.001881
10.396240,-56.756401,0.001798
10.352095,-55.333576,0.001692
10.307364,-53.884701,0.001784
10.263149,-52.459885,0.001852
10.218433,-51.011898,0.001764
10.171271,-49.490833,0.001653
10.121840,-47.891216,0.001649
10.072401,-46.297169,0.001821
10.024758,-44.754852,0.001928
9.977216,-43.222069,0.001851
9.928085,-41.632534,0.001712
9.876109,-39.955070,0.001613
9.822489,-38.221352,0.001703
9.769876,-36.524654,0.001887
9.719571,-34.896973,0.001995
9.670311,-33.308697,0.001936
9.620097,-31.684275,0.001778
9.567732,-29.995041,0.001721
9.515883,-28.317558,0.001862
9.465807,-26.702929,0.001983
9.418228,-25.162914,0.002047
9.372779,-23.698347,0.002072
9.329833,-22.307230,0.002078
9.288836,-20.986996,0.002076
9.250055,-19.729811,0.002046
9.211432,-18.486416,0.001909
9.171432,-17.190495,0.001744
9.146387,-15.810011,0.001630
9.119247,-14.332774,0.001564
9.090890,-12.769330,0.001601
9.062931,-11.208641,0.001796
9.035810,-9.704003,0.001943
9.009856,-8.251884,0.001957
8.983459,-6.786819,0.001823
8.956009,-5.252779,0.001684
8.936728,-4.179162,0.001616
8.906573,-2.502581,0.001632
8.876719,-0.834451,0.001821
8.847799,0.771826,0.001965
8.820401,2.304026,0.002038
8.802823,3.283692,0.002061
8.777335,4.697614,0.002048
8.760661,5.627073,0.001966
8.753099,7.055564,0.001800
8.793270,8.545019,0.001729
8.834051,10.030125,0.001849
8.875963,11.461609,0.001960
8.917483,12.842716,0.001961
8.959263,14.234146,0.001842
9.001534,15.633004,0.001869
9.042234,16.987743,0.001955
9.081345,18.281174,0.002012
9.118233,19.509869,0.002038
9.153476,20.674459,0.002047
9.186678,21.781345,0.002026
9.219790,22.875151,0.001903
9.253288,23.991638,0.001848
9.286422,25.085924,0.001910
9.317831,26.133520,0.001968
9.347975,27.128366,0.001995
9.376889,28.093176,0.001931
9.407108,29.090912,0.001782
9.439396,30.166739,0.001653
9.474816,31.338125,0.001575
9.513035,32.610207,0.001538
9.553503,33.949257,0.001643
9.593194,35.270882,0.001825
9.631576,36.540291,0.001945
9.667833,37.748390,0.002005
9.702643,38.898731,0.002009
9.736779,40.036507,0.001893
9.772762,41.226612,0.001737
9.810976,42.499111,0.001644
9.850453,43.805393,0.001750
9.888650,45.077885,0.001889
9.925446,46.294697,0.001975
9.960115,47.450527,0.002016
9.993384,48.549793,0.002011
10.025638,49.625717,0.001946
10.057355,50.673374,0.001957
10.087458,51.678158,0.001967
10.117654,52.675327,0.001870
10.149181,53.726521,0.001725
10.183586,54.864487,0.001617
10.220710,56.100693,0.001557
10.260705,57.424618,0.001591
10.300665,58.755501,0.001771
10.339531,60.041515,0.001912
10.376776,61.282593,0.001934
10.414699,62.537518,0.001814
10.454442,63.860863,0.001681
10.497140,65.275528,0.001593
10.542647,66.789398,0.001546
10.590212,68.366158,0.001661
10.636729,69.914223,0.001854
10.681555,71.399208,0.001977
10.724033,72.813530,0.002036
10.764622,74.157112,0.002059
10.802882,75.431862,0.002064
10.839415,76.640137,0.002062
10.873867,77.789062,0.002034
10.908217,78.924629,0.001907
10.942951,80.082695,0.001851
10.977274,81.217331,0.001914
11.009979,82.308296,0.001951
11.042764,83.391861,0.001862
11.048968,84.528259,0.001727
11.054898,85.717842,0.001736
11.061218,86.891670,0.001857
11.067442,88.019531,0.001941
11.073176,89.119484,0.001903
11.079377,90.255180,0.001766
11.085742,91.469765,0.001646
11.092840,92.779610,0.001573
11.100179,94.175690,0.001601
11.107773,95.576065,0.001781
11.114860,96.928253,0.001923
11.121874,98.218002,0.002000
11.128265,99.442764,0.002034
11.134605,100.603455,0.002045
11.140311,101.701920,0.002046
11.146013,102.740288,0.002042
11.151077,103.720634,0.002037
11.156181,104.645020,0.002031
11.160648,105.515503,0.002024
11.165192,106.334145,0.002018
11.169296,107.103477,0.001946
11.173062,107.842529,0.001648
11.176623,108.549911,0.001708
11.180015,109.222275,0.001760
11.183210,109.860580,0.001781
11.186281,110.466278,0.001784
11.189243,111.057739,0.001723
11.192464,111.696373,0.001578
11.196091,112.416588,0.001542
11.200057,113.204399,0.001828
11.204000,113.987907,0.001878
11.207808,114.744003,0.001769
11.211537,115.484863,0.001593
11.215115,116.195335,0.001688
11.218515,116.870872,0.001752
11.221745,117.512291,0.001777
11.224840,118.127243,0.001756
11.228062,118.767456,0.001627
11.231660,119.482246,0.001502
11.235615,120.268089,0.001828
11.239725,121.084167,0.001797
11.243829,121.899498,0.001851
11.247776,122.683426,0.001913
11.251553,123.433998,0.001665
11.255222,124.162605,0.001635
11.258721,124.857910,0.001723
11.262046,125.518448,0.001767
11.265203,126.145386,0.001782
11.268197,126.740128,0.001784
11.271040,127.304588,0.001780
11.273736,127.840492,0.001775
11.276299,128.349533,0.001770
11.278734,128.832993,0.001766
11.280995,129.282257,0.001807
11.282279,129.537216,0.002337
11.282283,129.537445,0.002198
11.282284,129.537827,0.001901
11.282285,129.537933,0.001801
11.282285,129.537933,0.001801
11.282285,129.537933,0.001801
11.282285,129.537933,0.001801
11.282285,129.537933,0.001801
11.282285,129.537933,0.001801
11.282285,129.537933,0.001801
11.282285,129.537933,0.001801
11.282285,129.537933,0.001801
11.282285,129.537933,0.001801
11.282285,129.537933,0.001801
11.282285,129.537933,0.001801
11.282285,129.537933,0.001801
11.282285,129.537933,0.001801
11.282285,129.537933,0.001801
11.282285,129.537933,0.001801
11.282285,129.537933,0.001801
11.282285,129.537933,0.001801
11.282285,129.537933,0.001801
11.282285,129.537933,0.001801
11.282285,129.537933,0.001801
11.282285,129.537933,0.001801
11.282285,129.537933,0.001801
11.282285,129.537933,0.001801
11.282285,129.537933,0.001801
11.282285,129.537933,0.001801
11.282285,129.537933,0.001801
11.282285,129.537933,0.001801
11.282285,129.537933,0.001801
11.282285,129.537933,0.001801
11.282285,129.537933,0.001801
11.282285,129.537933,0.001801
11.282285,129.537933,0.001801
11.282285,129.537933,0.001801
11.282285,129.537933,0.001801
11.282285,129.537933,0.001801
11.282285,129.537933,0.001801
11.282285,129.537933,0.001801
